EUR:
  EEK: 15.6466
  SKK: 30.126
  GRD: 340.75
  PTE: 200.482
  NLG: 2.20371
  BEF: 40.3399
  FRF: 6.55957
  LUF: 40.3399
  LVL: 0.702804
  ITL: 1936.27
  MTL: 0.4293
  LTL: 3.4528
  CYP: 0.585274
  IEP: 0.787564
  DEM: 1.95583
  FIM: 5.94573
  ESP: 166.386
  ATS: 13.7603
  SIT: 239.64
